10
15
1
15
20
19
10
18
19
2
7
14
18
12
9
2
8
5
10
15
16
2
3
5
16
3
9
3
2
4
5
18
1
6
20
12
19
7
17
16
14
2
9
5
3
8
1
9
1
19
18
20
10
10
11
20
15
11
3
20
10
4
6
8
8
9
12
18
11
10
19
12
5
16
2
12
4
19
13
12
20
7
20
4
13
9
14
14
18
11
18
5
8
15
6
4
6
7
18
19
15
9
1
5
10
15
3
4
11
3
15
16
3
3
2
10
5
1
11
2
18
8
3
15
9
19
5
14
18
13
1
17
6
13
1
7
17
10
13
3
9
3
4
7
16
4
3
17
14
16
6
3
3
10
17
1
19
2
14
18
11
15
6
13
4
8
4
3
20
1
1
9
11
12
4
15
2
1
16
5
15
14
15
12
13
3
16
6
15
4
13
4
17
12
17
20
15
15
2
2
4
14
7
19
11
7
16
4
1
12
18
16
9
19
4
11
8
19
13
16
15
19
13
12
1
14
1
4
4
19
19
17
20
8
15
3
18
11
2
1
8
9
15
14
4
9
18
20
20
10
13
17
5
10
20
8
9
2
9
12
5
2
4
16
1
11
14
16
12
19
10
16
13
2
14
19
10
9
5
15
10
18
4
6
5
2
7
13
8
19
2
2
18
18
3
17
12
15
16
6
19
7
10
1
7
7
12
17
14
18
10
10
4
15
18
19
16
19
17
12
17
5
1
1
9
10
6
18
9
15
5
18
14
11
13
1
11
6
9
20
4
6
8
16
9
11
14
1
3
8
1
10
9
14
14
6
16
12
15
3
8
13
4
3
20
19
15
17
11
18
17
20
20
11
1
10
3
6
14
14
9
14
5
9
13
15
3
4
19
15
10
2
15
11
3
10
12
9
3
8
